# Made in Blockbench 4.4.0-beta.3
mtllib lyvelovtlogo.mtl

o cube
v 0.375 0.6875 0.5
v 0.375 0.6875 0.1875
v 0.375 0 0.5
v 0.375 0 0.1875
v -0.375 0.6875 0.1875
v -0.375 0.6875 0.5
v -0.375 0 0.1875
v -0.375 0 0.5
vt 0 1
vt 0.375 1
vt 0.375 0.65625
vt 0 0.65625
vt 0.375 0.6875
vt 0.53125 0.6875
vt 0.53125 0.34375
vt 0.375 0.34375
vt 0 0.65625
vt 0.375 0.65625
vt 0.375 0.3125
vt 0 0.3125
vt 0.53125 0.6875
vt 0.6875 0.6875
vt 0.6875 0.34375
vt 0.53125 0.34375
vt 0.75 0.84375
vt 0.375 0.84375
vt 0.375 1
vt 0.75 1
vt 0.75 0.84375
vt 0.375 0.84375
vt 0.375 0.6875
vt 0.75 0.6875
vn 0 0 -1
vn 1 0 0
vn 0 0 1
vn -1 0 0
vn 0 1 0
vn 0 -1 0
usemtl m_1
f 4/4/1 7/3/1 5/2/1 2/1/1
f 3/8/2 4/7/2 2/6/2 1/5/2
f 8/12/3 3/11/3 1/10/3 6/9/3
f 7/16/4 8/15/4 6/14/4 5/13/4
f 6/20/5 1/19/5 2/18/5 5/17/5
f 7/24/6 4/23/6 3/22/6 8/21/6
o cube
v 0.0625 0.9375 0.5
v 0.0625 0.9375 0.1875
v 0.0625 0.6875 0.5
v 0.0625 0.6875 0.1875
v -0.375 0.9375 0.1875
v -0.375 0.9375 0.5
v -0.375 0.6875 0.1875
v -0.375 0.6875 0.5
vt 0 0.3125
vt 0.21875 0.3125
vt 0.21875 0.1875
vt 0 0.1875
vt 0.21875 0.3125
vt 0.375 0.3125
vt 0.375 0.1875
vt 0.21875 0.1875
vt 0.6875 0.6875
vt 0.90625 0.6875
vt 0.90625 0.5625
vt 0.6875 0.5625
vt 0.6875 0.5625
vt 0.84375 0.5625
vt 0.84375 0.4375
vt 0.6875 0.4375
vt 0.59375 0.1875
vt 0.375 0.1875
vt 0.375 0.34375
vt 0.59375 0.34375
vt 0.8125 0.34375
vt 0.59375 0.34375
vt 0.59375 0.1875
vt 0.8125 0.1875
vn 0 0 -1
vn 1 0 0
vn 0 0 1
vn -1 0 0
vn 0 1 0
vn 0 -1 0
usemtl m_1
f 12/28/7 15/27/7 13/26/7 10/25/7
f 11/32/8 12/31/8 10/30/8 9/29/8
f 16/36/9 11/35/9 9/34/9 14/33/9
f 15/40/10 16/39/10 14/38/10 13/37/10
f 14/44/11 9/43/11 10/42/11 13/41/11
f 15/48/12 12/47/12 11/46/12 16/45/12
o cube
v 0.36691380154839737 0.683506329786567 0.484375
v 0.36691380154839737 0.683506329786567 0.421875
v 0.3193543149070911 0.6215256000763142 0.484375
v 0.3193543149070911 0.6215256000763142 0.421875
v 0.04461400705508306 0.9308156603213598 0.421875
v 0.04461400705508306 0.9308156603213598 0.484375
v -0.0029454795862232097 0.868834930611107 0.421875
v -0.0029454795862232097 0.868834930611107 0.484375
vt 0.6875 0.4375
vt 0.90625 0.4375
vt 0.90625 0.40625
vt 0.6875 0.40625
vt 0.75 0.71875
vt 0.78125 0.71875
vt 0.78125 0.6875
vt 0.75 0.6875
vt 0.6875 0.40625
vt 0.90625 0.40625
vt 0.90625 0.375
vt 0.6875 0.375
vt 0.78125 0.71875
vt 0.8125 0.71875
vt 0.8125 0.6875
vt 0.78125 0.6875
vt 0.90625 0.34375
vt 0.6875 0.34375
vt 0.6875 0.375
vt 0.90625 0.375
vt 0.96875 1
vt 0.75 1
vt 0.75 0.96875
vt 0.96875 0.96875
vn 0 0 -1
vn 0.7933533402912352 -0.6087614290087207 0
vn 0 0 1
vn -0.7933533402912352 0.6087614290087207 0
vn 0.6087614290087207 0.7933533402912352 0
vn -0.6087614290087207 -0.7933533402912352 0
usemtl m_1
f 20/52/13 23/51/13 21/50/13 18/49/13
f 19/56/14 20/55/14 18/54/14 17/53/14
f 24/60/15 19/59/15 17/58/15 22/57/15
f 23/64/16 24/63/16 22/62/16 21/61/16
f 22/68/17 17/67/17 18/66/17 21/65/17
f 23/72/18 20/71/18 19/70/18 24/69/18
o cube
v 0.36691380154839737 0.683506329786567 0.375
v 0.36691380154839737 0.683506329786567 0.3125
v 0.3193543149070911 0.6215256000763142 0.375
v 0.3193543149070911 0.6215256000763142 0.3125
v 0.04461400705508306 0.9308156603213598 0.3125
v 0.04461400705508306 0.9308156603213598 0.375
v -0.0029454795862232097 0.868834930611107 0.3125
v -0.0029454795862232097 0.868834930611107 0.375
vt 0.75 0.96875
vt 0.96875 0.96875
vt 0.96875 0.9375
vt 0.75 0.9375
vt 0.8125 0.71875
vt 0.84375 0.71875
vt 0.84375 0.6875
vt 0.8125 0.6875
vt 0.75 0.9375
vt 0.96875 0.9375
vt 0.96875 0.90625
vt 0.75 0.90625
vt 0.375 0.1875
vt 0.40625 0.1875
vt 0.40625 0.15625
vt 0.375 0.15625
vt 0.96875 0.875
vt 0.75 0.875
vt 0.75 0.90625
vt 0.96875 0.90625
vt 0.96875 0.875
vt 0.75 0.875
vt 0.75 0.84375
vt 0.96875 0.84375
vn 0 0 -1
vn 0.7933533402912352 -0.6087614290087207 0
vn 0 0 1
vn -0.7933533402912352 0.6087614290087207 0
vn 0.6087614290087207 0.7933533402912352 0
vn -0.6087614290087207 -0.7933533402912352 0
usemtl m_1
f 28/76/19 31/75/19 29/74/19 26/73/19
f 27/80/20 28/79/20 26/78/20 25/77/20
f 32/84/21 27/83/21 25/82/21 30/81/21
f 31/88/22 32/87/22 30/86/22 29/85/22
f 30/92/23 25/91/23 26/90/23 29/89/23
f 31/96/24 28/95/24 27/94/24 32/93/24
o cube
v 0.36691380154839737 0.683506329786567 0.265625
v 0.36691380154839737 0.683506329786567 0.203125
v 0.3193543149070911 0.6215256000763142 0.265625
v 0.3193543149070911 0.6215256000763142 0.203125
v 0.04461400705508306 0.9308156603213598 0.203125
v 0.04461400705508306 0.9308156603213598 0.265625
v -0.0029454795862232097 0.868834930611107 0.203125
v -0.0029454795862232097 0.868834930611107 0.265625
vt 0.75 0.84375
vt 0.96875 0.84375
vt 0.96875 0.8125
vt 0.75 0.8125
vt 0.40625 0.1875
vt 0.4375 0.1875
vt 0.4375 0.15625
vt 0.40625 0.15625
vt 0.75 0.8125
vt 0.96875 0.8125
vt 0.96875 0.78125
vt 0.75 0.78125
vt 0.4375 0.1875
vt 0.46875 0.1875
vt 0.46875 0.15625
vt 0.4375 0.15625
vt 0.96875 0.75
vt 0.75 0.75
vt 0.75 0.78125
vt 0.96875 0.78125
vt 0.96875 0.75
vt 0.75 0.75
vt 0.75 0.71875
vt 0.96875 0.71875
vn 0 0 -1
vn 0.7933533402912352 -0.6087614290087207 0
vn 0 0 1
vn -0.7933533402912352 0.6087614290087207 0
vn 0.6087614290087207 0.7933533402912352 0
vn -0.6087614290087207 -0.7933533402912352 0
usemtl m_1
f 36/100/25 39/99/25 37/98/25 34/97/25
f 35/104/26 36/103/26 34/102/26 33/101/26
f 40/108/27 35/107/27 33/106/27 38/105/27
f 39/112/28 40/111/28 38/110/28 37/109/28
f 38/116/29 33/115/29 34/114/29 37/113/29
f 39/120/30 36/119/30 35/118/30 40/117/30
o cube
v -0.203125 0.96875 0.40625
v -0.203125 0.96875 0.28125
v -0.203125 0.84375 0.40625
v -0.203125 0.84375 0.28125
v -0.328125 0.96875 0.28125
v -0.328125 0.96875 0.40625
v -0.328125 0.84375 0.28125
v -0.328125 0.84375 0.40625
vt 0 0.1875
vt 0.0625 0.1875
vt 0.0625 0.125
vt 0 0.125
vt 0.0625 0.1875
vt 0.125 0.1875
vt 0.125 0.125
vt 0.0625 0.125
vt 0.125 0.1875
vt 0.1875 0.1875
vt 0.1875 0.125
vt 0.125 0.125
vt 0.1875 0.1875
vt 0.25 0.1875
vt 0.25 0.125
vt 0.1875 0.125
vt 0.3125 0.125
vt 0.25 0.125
vt 0.25 0.1875
vt 0.3125 0.1875
vt 0.375 0.1875
vt 0.3125 0.1875
vt 0.3125 0.125
vt 0.375 0.125
vn 0 0 -1
vn 1 0 0
vn 0 0 1
vn -1 0 0
vn 0 1 0
vn 0 -1 0
usemtl m_1
f 44/124/31 47/123/31 45/122/31 42/121/31
f 43/128/32 44/127/32 42/126/32 41/125/32
f 48/132/33 43/131/33 41/130/33 46/129/33
f 47/136/34 48/135/34 46/134/34 45/133/34
f 46/140/35 41/139/35 42/138/35 45/137/35
f 47/144/36 44/143/36 43/142/36 48/141/36
o cube
v 0.05854576980030857 1.1168019523409998 0.011219723881425336
v 0.11606851304801002 1.0929752519428961 0.005772489959696536
v -0.041631060297806166 0.8610897837047768 0.07186172271765767
v 0.01589168294989529 0.8372630833066733 0.06641448879592887
v 0.10597847664976245 1.0825126474913325 -0.055013816669117144
v 0.04845573340206111 1.106339347889436 -0.049566582747388344
v 0.005801646551647721 0.8268004788551097 0.005628182167115192
v -0.051721096696053626 0.8506271792532132 0.011075416088843992
vt 0.5 0.65625
vt 0.53125 0.65625
vt 0.53125 0.5625
vt 0.5 0.5625
vt 0.53125 0.65625
vt 0.5625 0.65625
vt 0.5625 0.5625
vt 0.53125 0.5625
vt 0.71875 0.4375
vt 0.75 0.4375
vt 0.75 0.34375
vt 0.71875 0.34375
vt 0.59375 0.28125
vt 0.625 0.28125
vt 0.625 0.1875
vt 0.59375 0.1875
vt 0.5 0.34375
vt 0.46875 0.34375
vt 0.46875 0.375
vt 0.5 0.375
vt 0.53125 0.375
vt 0.5 0.375
vt 0.5 0.34375
vt 0.53125 0.34375
vn 0.9203638919632224 -0.3812272063696577 -0.08715574274766094
vn 0.1614405823719609 0.16740167122501898 0.9725809060610192
vn -0.9203638919632224 0.3812272063696577 0.08715574274766094
vn -0.1614405823719609 -0.16740167122501898 -0.9725809060610192
vn 0.35618428479329645 0.90919882181768 -0.21561599586215943
vn -0.35618428479329645 -0.90919882181768 0.21561599586215943
usemtl m_0
f 52/148/37 55/147/37 53/146/37 50/145/37
f 51/152/38 52/151/38 50/150/38 49/149/38
f 56/156/39 51/155/39 49/154/39 54/153/39
f 55/160/40 56/159/40 54/158/40 53/157/40
f 54/164/41 49/163/41 50/162/41 53/161/41
f 55/168/42 52/167/42 51/166/42 56/165/42
o cube
v -0.18533037254212198 0.8901717458133418 0.21995875147406896
v 0.1598060869440865 0.7472115434247202 0.1872753479436961
v -0.2337234651180452 0.7830773256570926 0.17736891979636726
v 0.11141299436816321 0.640117123268471 0.1446855162659944
v 0.18051361339627503 0.8774591809294967 -0.16376845455487568
v -0.16462284608993344 1.0204193833181183 -0.1310850510245028
v 0.13212052082035175 0.7703647607732476 -0.20635828623257738
v -0.21301593866585666 0.9133249631618692 -0.1736748827022045
vt 0.59375 0.34375
vt 0.78125 0.34375
vt 0.78125 0.28125
vt 0.59375 0.28125
vt 0.6875 1
vt 0.875 1
vt 0.875 0.9375
vt 0.6875 0.9375
vt 0.6875 0.9375
vt 0.875 0.9375
vt 0.875 0.875
vt 0.6875 0.875
vt 0.6875 0.875
vt 0.875 0.875
vt 0.875 0.8125
vt 0.6875 0.8125
vt 0.1875 0.375
vt 0 0.375
vt 0 0.5625
vt 0.1875 0.5625
vt 0.375 0.5625
vt 0.1875 0.5625
vt 0.1875 0.375
vt 0.375 0.375
vn 0.9203638919632224 -0.3812272063696577 -0.08715574274766094
vn -0.05522007053916933 -0.34732703334607096 0.936116806662858
vn -0.9203638919632224 0.3812272063696577 0.08715574274766094
vn 0.05522007053916933 0.34732703334607096 -0.936116806662858
vn 0.38714474060738474 0.8567553612499919 0.34071865342161284
vn -0.38714474060738474 -0.8567553612499919 -0.34071865342161284
usemtl m_0
f 60/172/43 63/171/43 61/170/43 58/169/43
f 59/176/44 60/175/44 58/174/44 57/173/44
f 64/180/45 59/179/45 57/178/45 62/177/45
f 63/184/46 64/183/46 62/182/46 61/181/46
f 62/188/47 57/187/47 58/186/47 61/185/47
f 63/192/48 60/191/48 59/190/48 64/189/48
o cube
v -0.2545334691676398 0.6342334273317696 0.07084200048590944
v 0.004318875447016479 0.5270132755403034 0.046329447838129756
v -0.37551620060744745 0.36649737694114737 -0.03563257870834441
v -0.11666385599279117 0.2592772251496812 -0.060145131356124065
v 0.01984952028615794 0.6246990036688858 -0.216953404035799
v -0.2390028243284984 0.7319191554603521 -0.19244085138801933
v -0.1011332111536497 0.3569629532782636 -0.3234279832300529
v -0.35998555576830604 0.4641831050697298 -0.2989154305822732
vt 0.5 0.8125
vt 0.65625 0.8125
vt 0.65625 0.65625
vt 0.5 0.65625
vt 0.5625 0.65625
vt 0.71875 0.65625
vt 0.71875 0.5
vt 0.5625 0.5
vt 0.5625 0.5
vt 0.71875 0.5
vt 0.71875 0.34375
vt 0.5625 0.34375
vt 0 0.375
vt 0.15625 0.375
vt 0.15625 0.21875
vt 0 0.21875
vt 0.3125 0.21875
vt 0.15625 0.21875
vt 0.15625 0.375
vt 0.3125 0.375
vt 0.46875 0.375
vt 0.3125 0.375
vt 0.3125 0.21875
vt 0.46875 0.21875
vn 0.9203638919632224 -0.3812272063696577 -0.08715574274766094
vn -0.05522007053916933 -0.34732703334607096 0.936116806662858
vn -0.9203638919632224 0.3812272063696577 0.08715574274766094
vn 0.05522007053916933 0.34732703334607096 -0.936116806662858
vn 0.38714474060738474 0.8567553612499919 0.34071865342161284
vn -0.38714474060738474 -0.8567553612499919 -0.34071865342161284
usemtl m_0
f 68/196/49 71/195/49 69/194/49 66/193/49
f 67/200/50 68/199/50 66/198/50 65/197/50
f 72/204/51 67/203/51 65/202/51 70/201/51
f 71/208/52 72/207/52 70/206/52 69/205/52
f 70/212/53 65/211/53 66/210/53 69/209/53
f 71/216/54 68/215/54 67/214/54 72/213/54
o cube
v -0.4877872011416413 0.22083161983678568 -0.046227696511566024
v -0.1426507416554329 0.07787141744816407 -0.07891110004193891
v -0.5361802937175644 0.11373719968053675 -0.08881752818926761
v -0.19104383423135599 -0.029223002708084866 -0.12150093171964049
v -0.12194321520324436 0.2081190549529407 -0.42995490254051066
v -0.4670796746894528 0.3510792573415623 -0.3972714990101378
v -0.17033630777916745 0.10102463479669174 -0.47254473421821225
v -0.5154727672653758 0.24398483718531333 -0.4398613306878394
vt 0.71875 0.6875
vt 0.90625 0.6875
vt 0.90625 0.625
vt 0.71875 0.625
vt 0.71875 0.625
vt 0.90625 0.625
vt 0.90625 0.5625
vt 0.71875 0.5625
vt 0.71875 0.5625
vt 0.90625 0.5625
vt 0.90625 0.5
vt 0.71875 0.5
vt 0.71875 0.5
vt 0.90625 0.5
vt 0.90625 0.4375
vt 0.71875 0.4375
vt 0.5625 0.375
vt 0.375 0.375
vt 0.375 0.5625
vt 0.5625 0.5625
vt 0.6875 1
vt 0.5 1
vt 0.5 0.8125
vt 0.6875 0.8125
vn 0.9203638919632224 -0.3812272063696577 -0.08715574274766094
vn -0.05522007053916933 -0.34732703334607096 0.936116806662858
vn -0.9203638919632224 0.3812272063696577 0.08715574274766094
vn 0.05522007053916933 0.34732703334607096 -0.936116806662858
vn 0.38714474060738474 0.8567553612499919 0.34071865342161284
vn -0.38714474060738474 -0.8567553612499919 -0.34071865342161284
usemtl m_0
f 76/220/55 79/219/55 77/218/55 74/217/55
f 75/224/56 76/223/56 74/222/56 73/221/56
f 80/228/57 75/227/57 73/226/57 78/225/57
f 79/232/58 80/231/58 78/230/58 77/229/58
f 78/236/59 73/235/59 74/234/59 77/233/59
f 79/240/60 76/239/60 75/238/60 80/237/60
o cube
v -0.13040551145771295 0.8746661824798365 0.15068048817619872
v 0.09968546153309266 0.779359380887422 0.12889155248928347
v -0.4691571594891745 0.1250052413860937 -0.14744833356771236
v -0.23906618649836892 0.029698439793679282 -0.16923726925462762
v 0.11349047916788502 0.8661911392239396 -0.10513764917643104
v -0.11660049382292059 0.9614979408163542 -0.08334871348951578
v -0.22526116886357656 0.11653019813019702 -0.4032664709203421
v -0.45535214185438216 0.21183699972261144 -0.38147753523342687
vt 0 1
vt 0.125 1
vt 0.125 0.5625
vt 0 0.5625
vt 0.125 1
vt 0.25 1
vt 0.25 0.5625
vt 0.125 0.5625
vt 0.25 1
vt 0.375 1
vt 0.375 0.5625
vt 0.25 0.5625
vt 0.375 1
vt 0.5 1
vt 0.5 0.5625
vt 0.375 0.5625
vt 0.78125 0.6875
vt 0.65625 0.6875
vt 0.65625 0.8125
vt 0.78125 0.8125
vt 0.59375 0.34375
vt 0.46875 0.34375
vt 0.46875 0.21875
vt 0.59375 0.21875
vn 0.9203638919632224 -0.3812272063696577 -0.08715574274766094
vn -0.05522007053916933 -0.34732703334607096 0.936116806662858
vn -0.9203638919632224 0.3812272063696577 0.08715574274766094
vn 0.05522007053916933 0.34732703334607096 -0.936116806662858
vn 0.38714474060738474 0.8567553612499919 0.34071865342161284
vn -0.38714474060738474 -0.8567553612499919 -0.34071865342161284
usemtl m_0
f 84/244/61 87/243/61 85/242/61 82/241/61
f 83/248/62 84/247/62 82/246/62 81/245/62
f 88/252/63 83/251/63 81/250/63 86/249/63
f 87/256/64 88/255/64 86/254/64 85/253/64
f 86/260/65 81/259/65 82/258/65 85/257/65
f 87/264/66 84/263/66 83/262/66 88/261/66